intrinsics:
979.8899, 0.0, 721.643
0.0, 979.8899, 535.0826
0.0, 0.0, 1.0

extrinsic:
-0.99507546, 0.09911709, -0.0007424439, 0.0
-3.557629e-05, -0.00784751, -0.9999692, 0.0
-0.09911984, -0.99504477, 0.007812391, 0.0
0.0, 0.0, 0.0, 1.0