intrinsics:
1469.9144, 0.0, 986.9441
0.0, 1469.9144, 718.61273
0.0, 0.0, 1.0

extrinsic:
-0.5652909, -0.2532155, 0.7850655, 0.25708762
0.8115902, -0.00050648814, 0.58422685, -0.77670026
-0.14753768, 0.9674096, 0.20579354, 0.22116217
0.0, 0.0, 0.0, 1.0