intrinsics:
1473.205, 0.0, 986.9134
0.0, 1473.205, 720.6939
0.0, 0.0, 1.0

extrinsic:
-0.3816585, -0.7986253, 0.46533233, 0.13864684
0.82005346, -0.060302783, 0.5691009, -0.7763421
-0.42643756, 0.59879965, 0.67793065, 0.37655717
0.0, 0.0, 0.0, 1.0