intrinsics:
979.8899, 0.0, 721.643
0.0, 979.8899, 535.0826
0.0, 0.0, 1.0

extrinsic:
-0.9951139, 0.09858434, -0.0054372447, 0.0
0.0044097914, -0.010636979, -0.9999337, 0.0
-0.09863561, -0.9950718, 0.010150268, 0.0
0.0, 0.0, 0.0, 1.0