intrinsics:
1468.4197, 0.0, 984.221
0.0, 1468.4197, 722.0906
0.0, 0.0, 1.0

extrinsic:
0.41138092, -0.7097837, -0.5718154, -0.24671853
0.7379363, -0.10886947, 0.666031, -0.77672654
-0.5349911, -0.6959559, 0.47898832, 0.29539257
0.0, 0.0, 0.0, 1.0