intrinsics:
1467.1897, 0.0, 984.21674
0.0, 1467.1897, 723.0424
0.0, 0.0, 1.0

extrinsic:
-0.4504364, 0.62442815, 0.63811934, 0.18764795
0.76448554, -0.09942472, 0.6369275, -0.7779934
0.46116027, 0.77472836, -0.43258178, -0.10907359
0.0, 0.0, 0.0, 0.99999994