intrinsics:
1479.6769, 0.0, 985.64825
0.0, 1479.6769, 721.4782
0.0, 0.0, 1.0

extrinsic:
-0.08975761, -0.9957039, -0.022741806, -0.048410468
0.7475277, -0.082439475, 0.65909487, -0.77692205
-0.6581382, 0.04215865, 0.75171584, 0.3948111
0.0, 0.0, 0.0, 1.0