intrinsics:
979.8899, 0.0, 721.643
0.0, 979.8899, 535.0826
0.0, 0.0, 1.0

extrinsic:
-0.99512994, 0.09854151, -0.0024553142, 0.0
0.0015894687, -0.008864144, -0.99995947, 0.0
-0.098559275, -0.9950935, 0.008664346, 0.0
0.0, 0.0, 0.0, 1.0