intrinsics:
1463.593, 0.0, 983.0279
0.0, 1463.593, 718.99164
0.0, 0.0, 1.0

extrinsic:
-0.114733174, 0.98110306, 0.15579787, 0.030181078
0.7373291, -0.02099654, 0.6752074, -0.776378
0.6657192, 0.192343, -0.72098684, -0.22844955
0.0, 0.0, 0.0, 1.0