intrinsics:
1466.1412, 0.0, 986.9621
0.0, 1466.1412, 721.48456
0.0, 0.0, 1.0

extrinsic:
0.56530267, 0.41614065, -0.7122217, -0.30355197
0.80162716, -0.07356867, 0.5932803, -0.77642804
0.19449088, -0.90631914, -0.37517825, -0.074311554
0.0, 0.0, 0.0, 1.0