intrinsics:
1464.8696, 0.0, 986.6868
0.0, 1464.8696, 720.7206
0.0, 0.0, 1.0

extrinsic:
0.325254, 0.8851419, -0.33276582, -0.16434985
0.78713644, -0.058407277, 0.614007, -0.7772018
0.5240475, -0.4616404, -0.71572477, -0.23339865
0.0, 0.0, 0.0, 0.9999999