intrinsics:
1468.4458, 0.0, 986.6264
0.0, 1468.4458, 723.0379
0.0, 0.0, 1.0

extrinsic:
0.5696641, -0.23517816, -0.78751117, -0.31021783
0.7871753, -0.11936512, 0.6050677, -0.7766762
-0.2363001, -0.9645948, 0.11712843, 0.13618714
0.0, 0.0, 0.0, 1.0