intrinsics:
1468.3159, 0.0, 986.91614
0.0, 1468.3159, 721.0161
0.0, 0.0, 1.0

extrinsic:
-0.58906305, 0.1284322, 0.7978155, 0.2627791
0.7969054, -0.07134568, 0.5998763, -0.77679956
0.13396414, 0.9891485, -0.060321223, 0.053652186
0.0, 0.0, 0.0, 0.99999994